1,12148,338.09211259256614,-117.99934858907449,1056.861988969934,600.7705277882933,1.0,-1,-1,-1
1,12147,357.8294228929298,-41.09516817152337,986.3485556226951,587.4239645582421,1.0,-1,-1,-1
1,12146,283.3232117938496,-7.988067503025377,854.7746885967754,563.4634092999004,1.0,-1,-1,-1
1,12145,239.60814744760796,-24.053473646142038,815.8773261852045,552.2157050914545,1.0,-1,-1,-1
1,12144,224.03159845251508,12.451886538452527,784.9796930513912,573.3999811373287,1.0,-1,-1,-1
1,12143,77.33534502581321,64.70408892229761,506.206219915593,493.5749638120774,1.0,-1,-1,-1
1,12142,125.6705551030559,62.641075122587154,604.7430191156941,541.7135391352253,1.0,-1,-1,-1
1,12141,151.9103042248911,120.46676174442231,554.7930649157339,523.3495224352652,1.0,-1,-1,-1
1,12140,206.21710974424366,-21.84145348817816,767.0867842987251,539.0282210663031,1.0,-1,-1,-1
1,12139,321.5456565255188,-51.30254904088747,970.4130837088562,597.56487814245,1.0,-1,-1,-1
1,12138,129.34330918183088,30.16615464081528,637.6138441384817,538.4366895974659,1.0,-1,-1,-1
1,12137,166.7586268699627,249.43443863754084,391.7084141456623,474.3842259132404,1.0,-1,-1,-1
1,12136,627.8248646438668,211.81537367707,972.7879283248832,556.7784373580862,1.0,-1,-1,-1
1,12135,185.75309381551278,203.87659845418466,485.4073065751122,503.5308112137841,1.0,-1,-1,-1
1,12134,637.6799160599343,278.50379911657484,870.3957675338157,511.2196505904564,1.0,-1,-1,-1
300,17869,2.9787091313444023,344.1392938937794,101.44720152460198,515.2172792438461,1.0,-1,-1,-1
306,17958,0.5405872774606522,402.82184476310033,119.76045190772234,454.9144557887862,1.0,-1,-1,-1
307,17958,0.7321181960872636,402.92831321338554,119.00038659590504,454.24694428162104,1.0,-1,-1,-1
308,17958,-1.7854980188950833,400.6971055866156,121.81278353529588,457.39316068664226,1.0,-1,-1,-1
309,17958,-2.19905098707482,399.39552300811886,122.00679022249543,458.2290732374929,1.0,-1,-1,-1
310,17958,-2.5084173929180835,398.4677814744201,122.3471136218275,459.65795324485316,1.0,-1,-1,-1
311,17958,-2.771191421349549,397.9359616844845,120.76503884910298,460.1718218587521,1.0,-1,-1,-1
312,17958,-0.8030939029766628,398.04923747168715,124.59694300224083,460.3709301579643,1.0,-1,-1,-1
313,17958,2.4993492066972465,397.243713633046,135.4020231454547,461.65132868240426,1.0,-1,-1,-1
314,17958,9.14537718686259,396.3956619880454,146.35309879360577,462.0939961347299,1.0,-1,-1,-1
315,17958,21.61413547301376,396.8182586603531,167.50088414288805,461.7671391320398,1.0,-1,-1,-1
316,17958,31.14441652315618,397.25393618374176,193.18603690680288,461.4169950168214,1.0,-1,-1,-1
317,17958,37.52360995612078,397.8689992369102,220.9619991834005,460.56440282150265,1.0,-1,-1,-1
318,17958,39.71247876778759,399.1499085127236,243.82290158098917,459.2043244598514,1.0,-1,-1,-1
319,17958,39.13410156569891,400.93369856169875,262.3318387202542,457.4366781755772,1.0,-1,-1,-1
320,17958,36.66852274886759,402.81420082121804,274.7868791919225,455.1373248691177,1.0,-1,-1,-1
321,17958,34.014114417932575,404.25376680197866,283.4843356766165,452.8452241621156,1.0,-1,-1,-1
322,17958,32.237515604054465,404.33417164512184,290.28632884090507,449.33369439331943,1.0,-1,-1,-1
323,17958,30.98917394429705,404.3911516193356,295.942026992523,445.89335200092603,1.0,-1,-1,-1
324,17958,31.358760798011843,404.62079098952273,296.857822450256,442.9492583345437,1.0,-1,-1,-1
325,17958,34.59014028563641,405.2517032885762,294.3878124703908,440.0837177085209,1.0,-1,-1,-1
326,17958,42.43779858750722,404.29421623148926,286.52639866327763,437.0181698358813,1.0,-1,-1,-1
327,17958,54.48086285518292,403.2377162502271,274.07472521527376,435.3615467230147,1.0,-1,-1,-1
328,17958,70.3768394293472,399.88471644474447,257.7081288795529,430.7847499016611,1.0,-1,-1,-1
329,17958,87.78647600945183,398.63070990048465,239.5669213659988,427.41514270901934,1.0,-1,-1,-1
448,20682,436.02487027152046,368.64554841706706,682.6917433151248,699.1602657582663,1.0,-1,-1,-1
459,20900,346.2294240216863,365.306479582062,390.10463628758316,703.9079383087297,1.0,-1,-1,-1
460,20900,317.1868944457382,345.01956063672014,392.6073803477882,725.834728288617,1.0,-1,-1,-1
461,20900,291.9879594871459,341.9762441097811,388.5222292818049,728.252568666387,1.0,-1,-1,-1
462,20900,263.9621758500191,332.9703536702666,393.45552732015074,738.430988384592,1.0,-1,-1,-1
463,20900,234.64510344598614,330.43710566985567,395.61749452334016,741.8771956776349,1.0,-1,-1,-1
464,20900,204.9291841803015,327.9768789974696,398.79121634259195,743.4664719307555,1.0,-1,-1,-1
465,20900,175.92792683073594,329.8296520250876,405.6568257645424,742.6832998629463,1.0,-1,-1,-1
466,20900,144.3571479721771,334.90236824782204,409.1079491055533,738.5366441537064,1.0,-1,-1,-1
467,20900,116.28203989952704,341.01508023676354,415.21283550131625,732.203092356884,1.0,-1,-1,-1
468,20900,87.9933454771859,348.83961709066233,412.49728853272154,724.2962152795403,1.0,-1,-1,-1
469,20900,62.50029377251846,355.91036595577935,415.71005891716493,715.7823083414846,1.0,-1,-1,-1
470,20900,37.0628375565976,364.803961302234,413.42611404494744,708.5182774424075,1.0,-1,-1,-1
471,20900,16.113769712490694,372.244335208964,411.7339806541499,700.6717902732116,1.0,-1,-1,-1
472,20900,-2.47113004536655,379.2026023931925,401.08253175384425,694.3518312519635,1.0,-1,-1,-1
473,20900,-14.997204708240048,384.2485512669582,385.4916283365168,690.0002184766397,1.0,-1,-1,-1
474,20900,-22.168785053705108,386.9857762618734,369.0801971918823,686.5028408329496,1.0,-1,-1,-1
475,20900,-26.44532497784931,389.68115624938304,351.8187399531489,685.3349407634375,1.0,-1,-1,-1
476,20900,-28.22532463352283,388.3539406015152,336.19226506603775,686.0297672056729,1.0,-1,-1,-1
477,20900,-29.325460192300937,385.8010117587606,318.8969712358379,687.19021420734,1.0,-1,-1,-1
478,20900,-29.825215802551156,383.263678977662,300.87914349753913,688.0867662004609,1.0,-1,-1,-1
479,20900,-30.054019869905574,381.54248673968493,282.25323282512016,689.4236429658787,1.0,-1,-1,-1
480,20900,-29.73712160031546,382.51338083724124,263.5360921433922,687.5260405841085,1.0,-1,-1,-1
481,20900,-29.682182867837554,388.9848050318284,244.63383645705088,681.1219771142993,1.0,-1,-1,-1
482,20900,-31.545866143373445,403.7152367893486,225.17259277847015,667.4647025397694,1.0,-1,-1,-1
483,20900,-43.08631989264725,435.50082295861375,218.54271155640387,635.1584232438613,1.0,-1,-1,-1
